image: mancave704_coarse.pgm
resolution: 0.25 #0.025000
origin: [-10.000000, -10.000000, 0.000000]
negate: 0
occupied_thresh: 0.65
free_thresh: 0.196

